%YAML:1.0
---
image_width: 1624
image_height: 1450
camera_name: fisheye_middle
camera_matrix: !!opencv-matrix
  rows: 3
  cols: 3
  dt: d
  data: [840.03849781, 0, 804.00466049, 0, 859.81808436, 781.54069364, 0, 0, 1]
distortion_model: equidistant
distortion_coefficients: !!opencv-matrix
  rows: 1
  cols: 4
  dt: d
  data: [-0.37169199, 0.11896759, 0.006112, 0.00124474]
rectification_matrix: !!opencv-matrix
  rows: 3
  cols: 3
  dt: d
  data: [1, 0, 0, 0, 1, 0, 0, 0, 1]
projection_matrix: !!opencv-matrix
  rows: 3
  cols: 4
  dt: d
  data: [840.03849781, 0, 804.00466049, 0, 0, 859.81808436, 781.54069364, 0, 0, 0, 1, 0]